102 11111111111111110
115 111111110
100 11111111111110
97 1111110
119 1111111111111111110
101 10
113 11111111111111111111111111111111111111111111111110
116 110
67 111111111111111111111111111111111111111111111111110
110 111110
32 0
111 1110
99 111111111110
105 11110
98 111111111111111111110
114 11111110
104 1111111110
103 1111111111111110
63 1111111111111111111111111111111111111111111111111111110
10 1111111111111111111111111111110
12288 11111111111111111111111110
91 11111111111111111111111111111111111111111110
65 111111111111111111111111110
93 1111111111111111111111111111111111111111110
8220 11111111111111111111111111111111110
73 1111111111111111111111111110
117 1111111111110
109 111111111111110
108 11111111110
44 11111111111111111111110
112 111111111111111110
118 1111111111111111111110
121 11111111111111111110
45 111111111111111111111111111110
8217 1111111111111111111111111111111110
8212 11111111111111111111111111111111111110
106 11111111111111111111111111111111111111111111111111110
107 1111111111111111111111110
46 111111111111111111111110
8221 111111111111111111111111111111111110
84 11111111111111111111111111111110
71 11111111111111111111111111111111111111111111111111111111110
66 1111111111111111111111111111111111111110
80 11111111111111111111111111111111111111111111111111111110
59 11111111111111111111111111111111111111111111110
77 1111111111111111111111111111111111110
50 1111111111111111111111111111111111111111111111111110
48 111111111111111111111111111111111111111111111110
49 111111111111111111111111111111111111111111111111111111110
57 1111111111111111111111111111111111111111111111111111111111111110
55 1111111111111111111111111111111111111111111111111111111111111111111110
85 111111111111111111111111111111111111111111111111111110
78 1111111111111111111111111111111111111111111110
72 111111111111111111111111111111111111111110
69 1111111111111111111111111111111111111111111111110
83 111111111111111111111111111111111111110
82 111111111111111111111111111111111111111111110
74 11111111111111111111111111111111111111111111111111111111111111110
87 111111111111111111111111111111110
68 11111111111111111111111111111111111111111111111111111111111111111110
120 11111111111111111111111111110
70 1111111111111111111111111111111111111111111111111111111110
40 11111111111111111111111111111111111111111111111111111111111110
41 1111111111111111111111111111111111111111111111111111111111110
53 111111111111111111111111111111111111111111111111111111111111111110
122 11111111111111111111111111111111111111110
79 111111111111111111111111111111111111111111111111111111111110
52 111111111111111111111111111111111111111111111111111111111111111111110
75 111111111111111111111111111111111111111111111111111111111111111111111111110
76 111111111111111111111111111111111111111111111111111111111111110
89 1111111111111111111111111111111111111111111111111111111111111111110
58 1111111111111111111111111111111111111111111111111111111111111111111111110
8211 111111111111111111111111111111111111111111111111111111111111111111111110
36 11111111111111111111111111111111111111111111111111111111111111111111110
54 1111111111111111111111111111111111111111111111111111111111111111111111111110
56 11111111111111111111111111111111111111111111111111111111111111111111111110
37 11111111111111111111111111111111111111111111111111111111111111111111111111110
51 11111111111111111111111111111111111111111111111111111111111111111111111111111111
33 11111111111111111111111111111111111111111111111111111111111111111111111111111110
38 1111111111111111111111111111111111111111111111111111111111111111111111111111110
90 111111111111111111111111111111111111111111111111111111111111111111111111111110
